{
 "cells": [
  {
   "cell_type": "code",
   "execution_count": 6,
   "metadata": {
    "scrolled": true
   },
   "outputs": [],
   "source": [
    "import os\n",
    "from rendering import render_object\n",
    "\n",
    "os.chdir(\"/home/sebastian/Projects/SRB/Package/scanner-sim\")\n",
    "\n",
    "\n",
    "\n",
    "# # Calibration\n",
    "# for i in range(6, 20):\n",
    "#     pars = generate_render_parameters(\"objects/calibration/cb10_8_3_ms_c.ply\", \"results/calib_predistorted/%02i\"%i, cpu_count=8, typ=\"calib\")\n",
    "#     config_name = \"data/configs/parameters_calibration.json\"\n",
    "\n",
    "#     with open(config_name, \"w\") as fi:\n",
    "#         json.dump(pars, fi, indent=2, sort_keys=True)   \n",
    "#     render_object(config_name)\n",
    "\n",
    "# Matching objects\n",
    "# Pawn\n",
    "pars = generate_render_parameters(\"objects/machined/pawn.obj\", \"results/pawn_match/\", typ=\"pawn\", samples=256)\n",
    "config_name = \"data/configs/parameters_pawn_match.json\"\n",
    "\n",
    "with open(config_name, \"w\") as fi:\n",
    "    json.dump(pars, fi, indent=2, sort_keys=True)   \n",
    "render_object(config_name)\n",
    "\n",
    "# Rook\n",
    "pars = generate_render_parameters(\"objects/machined/rook.obj\", \"results/rook_match/\", typ=\"rook\", samples=256)\n",
    "config_name = \"data/configs/parameters_rook_match.json\"\n",
    "\n",
    "with open(config_name, \"w\") as fi:\n",
    "    json.dump(pars, fi, indent=2, sort_keys=True)   \n",
    "render_object(config_name)\n",
    "\n",
    "# Shapes\n",
    "pars = generate_render_parameters(\"objects/machined/shapes.obj\", \"results/shapes_match/\", typ=\"shapes\", samples=256)\n",
    "config_name = \"data/configs/parameters_shapes_match.json\"\n",
    "\n",
    "with open(config_name, \"w\") as fi:\n",
    "    json.dump(pars, fi, indent=2, sort_keys=True)   \n",
    "render_object(config_name)"
   ]
  },
  {
   "cell_type": "code",
   "execution_count": 5,
   "metadata": {},
   "outputs": [],
   "source": [
    "# Write render configuration\n",
    "import numpy as np\n",
    "import json\n",
    "import os\n",
    "\n",
    "def generate_render_parameters(obj_path, result_path, typ=\"calib\", size=\"medium\", cpu_count=12, samples=32, patterns=\"patterns/gray/predistorted\"): \n",
    "    #typ shapes, pawn, lplan, plane, calib, center, rook\n",
    "    #size medium, small, large\n",
    "\n",
    "    cam_w = 6464\n",
    "    cam_h = 4852\n",
    "\n",
    "    if size == \"large\":\n",
    "        cam_w = 6464\n",
    "        cam_h = 4852\n",
    "    if size == \"medium\":\n",
    "        cam_w = int(cam_w/2)\n",
    "        cam_h = int(cam_h/2)\n",
    "    if size == \"small\":\n",
    "        cam_w = int(cam_w/4)\n",
    "        cam_h = int(cam_h/4)\n",
    "\n",
    "    cam_wa = int(cam_h * 1.3331977988173698) # Account for pixel aspect ratio\n",
    "    \n",
    "    # Projector rotation and translation\n",
    "    r = np.array([[0.8787054478263335,  -0.01630932436494734,  0.47708567563812],\n",
    "                 [0.012209582502145412, 0.9998570945107125, 0.011692589607071084],\n",
    "                 [-0.47720819571277884, -0.004449325269635517, 0.8787790060357604]])\n",
    "\n",
    "    t = np.array([[0.2256677886438659, 0.07394777683137411, 0.4140179434986635, 1.0]])\n",
    "    r = np.vstack([r.T, np.zeros(3)])\n",
    "    trans_pro = np.hstack([r, t.T]).reshape(-1)\n",
    "\n",
    "    pars = {\n",
    "      # Object Rotation parameters\n",
    "      \"rot_x\": 0,\n",
    "      \"rot_y\": 0,\n",
    "      \"rot_z\": 0,\n",
    "      \"rot_range\": [[-45, 45], [-45, 45], [-45, 45], 30],\n",
    "      \"rot_type\": \"Fixed\", #\"Turntable\", #\"Fixed\", \"Random\"\n",
    "      # Object Translation parameters\n",
    "      \"trans_x\": 0.0,\n",
    "      \"trans_y\": 0.0,\n",
    "      \"trans_z\": 0.0,\n",
    "      \"trans_range\": [[-0.1, 0.1], [-0.1, 0.1], [-0.1, 0.1], 5],\n",
    "      \"trans_type\": \"Fixed\",\n",
    "      # Camera parameters\n",
    "      \"cam_aperture\": 0.00016,\n",
    "      \"cam_focus\": 0.81,\n",
    "      \"cam_fovy\": 18.728257607815436,\n",
    "      \"cam_tx\": 0.0,\n",
    "      \"cam_ty\": 0.0,\n",
    "      \"cam_tz\": 1.0,\n",
    "      \"cam_ux\": 0.0,\n",
    "      \"cam_uy\": -1.0,\n",
    "      \"cam_uz\": 0.0,\n",
    "      \"cam_x\": 0.0,\n",
    "      \"cam_y\": 0.0,\n",
    "      \"cam_z\": 0.0,\n",
    "      \"cam_height\": cam_h,\n",
    "      \"cam_width\": cam_wa,\n",
    "      \"cam_crop_offset_x\": int((cam_wa-cam_w)/2),\n",
    "      \"cam_crop_offset_y\": 0,\n",
    "      \"cam_crop_width\": cam_w,\n",
    "      \"cam_crop_height\": cam_h,\n",
    "      # Global parameters\n",
    "      \"cpu_count\": cpu_count,\n",
    "      \"samples\": samples,\n",
    "      \"result_path\": result_path,\n",
    "      \"result_overwrite\": True,\n",
    "      \"scene_path\": \"scenes/scene_sls.xml\",\n",
    "      \"root_path\": \"data\",\n",
    "      \"render_ambient\": True,\n",
    "      # Pattern parameters\n",
    "      \"pattern_path\": patterns,#mps/64-05\", gray/default\n",
    "      \"pattern_numbered\": True, # If patterns have numbered names\n",
    "      \"pattern_colored\": False, # Colored patterns/rendering\n",
    "      \"pattern_calibrate\": True, # Calibrate/predistort patterns\n",
    "      \"pattern_overwrite\": True, # Overwrite possible existing patterns\n",
    "      \"pattern_quadrify\": True, # Pad patterns for quadratic spotlight\n",
    "      \"pattern_pad_below\": True,\n",
    "      \"pattern_flip_ud\": True,\n",
    "      \"pattern_width\": 1920,\n",
    "      \"pattern_height\": 1080,\n",
    "      # Object parameters\n",
    "      \"shape_type\": obj_path[-3:], # ply/obj\n",
    "      \"object_path\": obj_path,\n",
    "      \"scale\": 0.001, # 0.001 for calib objects\n",
    "      \"obj_rx\": 0.0,\n",
    "      \"obj_ry\": 0.0,\n",
    "      \"obj_rz\": 0.0,\n",
    "      \"obj_ttx\": 0.0,\n",
    "      \"obj_tty\": 0.0,\n",
    "      \"obj_ttz\": 0.0,\n",
    "      \"obj_x\": 0.0,\n",
    "      \"obj_y\": 0.0,\n",
    "      \"obj_z\": 0.0,\n",
    "      \"obj_trans\": None,#trans.tolist(),\n",
    "      # Projector parameters\n",
    "      \"pro_aperture\": 0.0002835,\n",
    "      \"pro_beamwidth\": 21.33245815404095,\n",
    "      \"pro_cutoff\": 21.33245815404095,\n",
    "      \"pro_focus\": 0.49,\n",
    "      \"pro_intensity\": 0.5,\n",
    "      \"pro_offset_x\": 0.5+0.00045641259698767686,\n",
    "      \"pro_offset_y\": -0.007074395253308992,\n",
    "      \"pro_scale_x\": 0.5,\n",
    "      \"pro_scale_y\": 0.5,\n",
    "      \"pro_tx\": 0.0,\n",
    "      \"pro_ty\": 0.0,\n",
    "      \"pro_tz\": 0.0,\n",
    "      \"pro_ux\": 0.0,\n",
    "      \"pro_uy\": 0.0,\n",
    "      \"pro_uz\": 0.0,\n",
    "      \"pro_x\": 0.0,\n",
    "      \"pro_y\": 0.0,\n",
    "      \"pro_z\": 0.0,\n",
    "      \"pro_ox\": 0.0,\n",
    "      \"pro_oy\": 0.0,\n",
    "      \"pro_oz\": 0.0,\n",
    "      \"proj_trans\": trans_pro.tolist(),\n",
    "      # Lighting/Material parameters\n",
    "      \"const_radiance\": 0.0,\n",
    "      \"mat_ior\": 1.0634878252015734,\n",
    "      \"mat_alpha\": 0.22150848706292028,\n",
    "      \"mat_diff\": 0.9112623909906508\n",
    "    }\n",
    "    \n",
    "    if typ == \"pawn\":\n",
    "        r = np.array([[9.99985088e-01, -5.46014155e-03, -1.06692981e-04],\n",
    "                      [0.00000000e+00, -1.95366030e-02,  9.99809142e-01],\n",
    "                      [-5.46118386e-03, -9.99794233e-01, -1.95363117e-02]])\n",
    "        t = np.array([[-.00948753506, .07090617493, 0.86120278452, 1.0]])\n",
    "        \n",
    "    if typ == \"shapes\":\n",
    "        r = np.array([[0.00473251, 0.99973483, 0.02252548],\n",
    "                     [0.70316257, -0.0193432,   0.71076595],\n",
    "                     [0.71150094,  0.01246195, -0.70257463]])\n",
    "        t = np.array([[-.07613365619, -0.10450656288, 0.81651577885, 1.0]])\n",
    "    \n",
    "    if typ == \"center\":\n",
    "        r = np.array([[1.0, 0.0, 0.0],\n",
    "                      [0.0, -1.0, 0.0],\n",
    "                      [0, 0.0, -1.0]])\n",
    "        t = np.array([[0.0, -0.02, 0.858, 1.0]])\n",
    "        \n",
    "    if typ == \"rook\":\n",
    "        t = np.array([[-.00965021966, .07090294057, 0.86141378352, 1.0]])\n",
    "        r = np.array([[ 9.99985088e-01, -5.46014155e-03, -1.06692981e-04],\n",
    "                     [ 0.00000000e+00, -1.95366030e-02,  9.99809142e-01],\n",
    "                     [-5.46118386e-03, -9.99794233e-01, -1.95363117e-02]])\n",
    "\n",
    "    if typ == \"plane\":\n",
    "        t = np.array([[ -.0083332819, -.00283606196, 0.83846561563, 1.0]]) \n",
    "        r = np.array([[0.90031236, -0.01464571,  0.43499787],\n",
    "                      [0.01133496, 0.99988369, 0.01020466],\n",
    "                      [-0.43509673, -0.0042567, 0.90037365]])\n",
    "\n",
    "    if typ == \"lplane\":\n",
    "        t = np.array([[-.00795539039, -.02476862133, 0.84448289208, 1.0]])\n",
    "        r = np.array([[0.72965066, -0.46024329,  0.50575293],\n",
    "                      [0.38697703, -0.88768783, 0.24951773],\n",
    "                      [0.56378958, 0.01365399, -0.82580559]])   \n",
    "        pars[\"scale\"] = 0.1\n",
    "        \n",
    "    if typ == \"calib\":\n",
    "        pars['scene_path'] = \"scenes/scene_sls_cal.xml\"\n",
    "        pars['object_path'] = \"objects/calibration/cb10_8_3_ms_c.ply\" \n",
    "        pars[\"rot_range\"] = [[-15, 15], [-15, 15], [-15, 15], 1]\n",
    "        pars[\"rot_type\"] = \"Random\" #\"Turntable\", #\"Fixed\", \"Random\"\n",
    "        pars[\"trans_range\"] = [[-0.02, 0.02], [-0.01, 0.01], [-0.03, 0.1], 1]\n",
    "        pars[\"trans_type\"] = \"Random\"\n",
    "        pars[\"render_ambient\"] = False\n",
    "        pars[\"const_radiance\"] = 0.05\n",
    "        pars[\"pro_intensity\"] = 0.5\n",
    "        pars[\"samples\"] = 32\n",
    "        r = np.array([[1, 0, 0.0], [0, 1, 0.0], [0, 0, 1.0]])\n",
    "        t = np.array([[0.0, -0.02, 0.91, 1.0]])\n",
    "\n",
    "    r = np.vstack([r.T, np.zeros(3)])\n",
    "    trans = np.hstack([r, t.T]).reshape(-1)\n",
    "    pars[\"obj_trans\"] = trans.tolist()\n",
    "    \n",
    "\n",
    "    return pars"
   ]
  }
 ],
 "metadata": {
  "kernelspec": {
   "display_name": "Python 3",
   "language": "python",
   "name": "python3"
  },
  "language_info": {
   "codemirror_mode": {
    "name": "ipython",
    "version": 3
   },
   "file_extension": ".py",
   "mimetype": "text/x-python",
   "name": "python",
   "nbconvert_exporter": "python",
   "pygments_lexer": "ipython3",
   "version": "3.8.5"
  }
 },
 "nbformat": 4,
 "nbformat_minor": 4
}
