%YAML:1.0
---
cam_K: !!opencv-matrix
   rows: 3
   cols: 3
   dt: d
   data: [ 6.4660295107919637e+03, 0., 1.0232077305518850e+03, 0.,
       6.4659159387660493e+03, 1.0229550801975000e+03, 0., 0., 1. ]
cam_kc: !!opencv-matrix
   rows: 1
   cols: 5
   dt: d
   data: [ 2.7600037074922397e-03, -5.7515492393512120e-02,
       -3.2891090679411382e-05, -2.9582523506492204e-05, 0. ]
proj_K: !!opencv-matrix
   rows: 3
   cols: 3
   dt: d
   data: [ 3.0756684868536181e+03, 0., 1.0235990846543992e+03, 0.,
       3.0756153825332367e+03, 1.0234800506277484e+03, 0., 0., 1. ]
proj_kc: !!opencv-matrix
   rows: 1
   cols: 5
   dt: d
   data: [ 3.1255327825354816e-04, -4.7303634558364046e-04,
       -3.2624321434866248e-07, 9.0976668048543755e-06, 0. ]
R: !!opencv-matrix
   rows: 3
   cols: 3
   dt: d
   data: [ 9.6851260413250007e-01, 1.9010034742598896e-05,
       2.4896452613796569e-01, 8.2139084839572122e-07,
       9.9999999683542273e-01, -7.9551743291552790e-05,
       -2.4896452686237960e-01, 7.7251363241926849e-05,
       9.6851260105195247e-01 ]
T: !!opencv-matrix
   rows: 3
   cols: 1
   dt: d
   data: [ -2.4585662378352652e+02, -2.2735008176641164e-03,
       -5.5533591735263713e+02 ]
cam_error: 6.1267296069888247e-02
proj_error: 7.2574420198696837e-02
stereo_error: 6.7281430397380604e-02
