%YAML:1.0
---
cam_K: !!opencv-matrix
   rows: 3
   cols: 3
   dt: d
   data: [ 7350.398925781, 0., 1615.288295095, 0.,
       7355.715820312, 1211.322870288, 0., 0., 1. ]
cam_kc: !!opencv-matrix
   rows: 1
   cols: 5
   dt: d
   data: [ 0.0, 0.0, 0.0, 0.0, 0.0 ]
proj_K: !!opencv-matrix
   rows: 3
   cols: 3
   dt: d
   data: [ 2805.329833984375, 0., 958.3337814131664, 0.,
       2805.11572265625, 1095.1464166282676, 0., 0., 1. ]
proj_kc: !!opencv-matrix
   rows: 1
   cols: 5
   dt: d
   data: [0.0, 0,  0., 0., 0.0]
R: !!opencv-matrix
   rows: 3
   cols: 3
   dt: d
   data: [ 0.8787054478263335, -0.01630932436494734,
       0.47708567563812, 0.012209582502145412,
       0.9998570945107125, 0.011692589607071084,
       -0.47720819571277884, -0.004449325269635517,
       0.8787790060357604]
T: !!opencv-matrix
   rows: 3
   cols: 1
   dt: d
   data: [ -414.0179434986635, -73.94777683137411,
       -225.6677886438659]
cam_error: 5.5748783259463940e-02
proj_error: 5.8734379845767890e-02
stereo_error: 5.8961158667686052e-02
