%YAML:1.0
---
cam_K: !!opencv-matrix
   rows: 3
   cols: 3
   dt: d
   data: [ 14700.7978515625, 0., 3230.5765901904233, 0.,
       14711.431640625, 2422.6457405752153, 0., 0., 1. ]
cam_kc: !!opencv-matrix
   rows: 1
   cols: 5
   dt: d
   data: [ 0.0, 0.0, 0.0, 0.0, 0.0 ]
proj_K: !!opencv-matrix
   rows: 3
   cols: 3
   dt: d
   data: [ 2.80919214e+03, 0., 9.54938557e+02, 0.,
       2.80541846e+03, 1.09556392e+03, 0., 0., 1. ]
proj_kc: !!opencv-matrix
   rows: 1
   cols: 5
   dt: d
   data: [-0.04895507, -0.24203961,  0., 0., 0.92882364]
R: !!opencv-matrix
   rows: 3
   cols: 3
   dt: d
   data: [0.87953157, -0.01611216,  0.47556768,
          0.01206672,  0.99986039,  0.01155851,
         -0.47568752, -0.00442754,  0.8796032 ]
T: !!opencv-matrix
   rows: 3
   cols: 1
   dt: d
   data: [226.34958146, 74.20267954, 412.0573676]
cam_error: 1.2160203891298558e+00
proj_error: 1.4142868357182652e+00
stereo_error: 1.3238859367387756e+00
