%YAML:1.0
---
cam_K: !!opencv-matrix
   rows: 3
   cols: 3
   dt: d
   data: [ 7.3551664593234264e+03, 0., 1.6182183426190195e+03, 0.,
       7.3551046119179855e+03, 1.2129859778429241e+03, 0., 0., 1. ]
cam_kc: !!opencv-matrix
   rows: 1
   cols: 5
   dt: d
   data: [ -1.2960928726060005e-03, 4.8217685522900539e-02,
       2.6842490892215936e-05, 9.6357861921257551e-05, 0. ]
proj_K: !!opencv-matrix
   rows: 3
   cols: 3
   dt: d
   data: [ 2.8431223977721252e+03, 0., 1.0977483465493458e+03, 0.,
       2.8443917291556736e+03, 1.6514466401968652e+03, 0., 0., 1. ]
proj_kc: !!opencv-matrix
   rows: 1
   cols: 5
   dt: d
   data: [ -6.5765208196728528e-02, 1.0816542780602078e-02,
       -1.1682223828659133e-04, 2.6481750889768672e-04, 0. ]
R: !!opencv-matrix
   rows: 3
   cols: 3
   dt: d
   data: [ 8.7917124061567842e-01, -1.6241012255012968e-02,
       4.7622910368353316e-01, 1.2168696994330990e-02,
       9.9985827900665292e-01, 1.1633774766362610e-02,
       -4.7635055630045092e-01, -4.4329925317796396e-03,
       8.7924427555114859e-01 ]
T: !!opencv-matrix
   rows: 3
   cols: 1
   dt: d
   data: [ -3.9364591653759811e+02, -8.1312561026915020e+01,
       -2.5606649763143787e+02 ]
cam_error: 5.5748783259463940e-02
proj_error: 5.8734379845767890e-02
stereo_error: 5.8961158667686052e-02
